0.3899456467998717 8.951897734493674 
1.0 1.0 
1.0 1.0 
0.3899456467998717 8.951897734493674 
0.4658347587999352 6.084993617248964 
0.9136420394866445 1.0945232808178784 
0.75354240891479 1.3270690412736268 
0.5964139383983762 2.8206548594625436 
0.4721323440583862 5.835408507410485 
0.40266461115853436 8.450868050774579 
0.647801966695239 1.810195707742075 
0.9403610058319631 1.063938195758899 
0.47695910991896245 5.7182882812440194 
0.4592249104701058 6.2487943022395545 
0.4367455105229976 7.047533115746407 
0.5863213967339945 2.939176755653628 
0.48293046434654646 5.503443762124554 
0.6023247732188247 2.6247926294699777 
0.4544288987396053 6.406759096417836 
0.6165607303437077 2.4726909256537923 
0.5483148221296403 3.7685548352499523 
0.5294696638152918 4.231223218152198 
0.44644008237191996 6.689568643838733 
0.8429516515991378 1.1863144390791605 
0.49979502933510833 5.013619649207134 
0.7677544936953763 1.3025014845548544 
0.3953835376761447 8.71317710427972 
0.8307231125955574 1.203770576101755 
0.5362771349834908 4.096050242527414 
0.5577139158688107 3.644709072647684 
0.5739022388711483 3.3125633653807958 
0.9738987589957535 1.0385161710633894 
0.40191533964019255 8.68529565278219 
0.7318680823991527 1.3663666327168755 
0.9006222236662151 1.1103434644653138 
0.7178862379248344 1.3929785452237506 
0.5270753551307874 4.386742068408173 
0.42372557800379285 7.5254520653140515 
0.6296404566541429 2.180281732678319 
0.5419601621479315 3.936417992929035 
0.5630523031546173 3.435411599584669 
0.6071213354921319 2.5316740327009173 
0.7876694539215809 1.2695683047499855 
0.5751335723687574 3.172961071303923 
0.985126297697077 1.0150982694682835 
0.8711541442348983 1.1479032671421427 
0.3912108614955306 8.922946410073846 
0.9596218794959278 1.0420771153376391 
0.6296404566541429 2.180281732678319 
0.49392587503182894 5.2044072035346325 
0.6890616197902317 1.455518820035794 
0.5058860776821275 4.8763520402884675 
0.7070025986596941 1.4144223852274753 
0.4076025162133506 8.254084719524613 
0.5204437117122089 4.456942348028532 
0.6992082008837159 1.4321333575805695 
0.8891049205400626 1.1247508781617637 
0.4112884754889566 8.037369660373308 
0.42302392392672367 7.70977731278307 
0.43293398759306 7.195985295621906 
0.6774410143458314 1.4958499529400728 
0.4964105272367029 5.179566723415388 
0.5662816251780773 3.4177280844943803 
0.6596111022761746 1.6609896109320974 
0.4267027592058322 7.41678225651424 
0.8813939316344567 1.1345672256092032 
0.5557226162056683 3.7049885538558907 
0.44262608740271225 6.8585441544487695 
0.4076025162133506 8.254084719524613 
0.4189476966401165 7.734371264967866 
0.4155969964364927 7.860558963539682 
0.44262608740271225 6.8585441544487695 
0.64299682531686 1.936697350774547 
0.6661015424448837 1.5539236899857671 
0.8174261162525936 1.2233531203039363 
0.5171598076819871 4.604651514779663 
0.5409156083518536 4.011088161316332 
0.43293398759306 7.195985295621906 
0.6165607303437077 2.4726909256537923 
0.4112884754889566 8.037369660373308 
0.8017154620643687 1.2473253259018613 
0.6332537691030565 2.0632749545251596 
0.4917939290003966 5.4042567319812775 
0.5043918733175641 4.890797686396566 
0.4903006770259291 5.438044216818353 
0.814550907511281 1.2276773698442334 
0.9952550520575043 1.004767569813071 
0.7299679932406556 1.3701874785013706 
0.6367776700503712 2.051856877370779 
0.5807124138684021 3.072136717376404 
0.45299520659032033 6.592766397832769 
0.6596111022761746 1.6609896109320974 
0.8582323230399886 1.1651910257652902 
0.6397651878683804 1.9420244640298792 
0.6638637745805274 1.5550000263979622 
0.5172331857094382 4.537077233687559 
0.4267027592058322 7.41678225651424 
0.8030088832833179 1.2453179393521945 
0.8597018733127382 1.1632795391239712 
0.4529650594737732 6.5932051797935545 
