0.3899456467998717 2.4907535521634414 
1.0 0.0 
1.0 0.0 
0.3899456467998717 2.4907535521634414 
0.4658347587999352 1.8346015339903161 
0.9136420394866445 2.4825520596515102E-6 
0.75354240891479 2.802157569508837E-6 
0.5964139383983762 0.6822778735945738 
0.4721323440583862 1.7550850971419611 
0.40266461115853436 2.4028654976172272 
0.647801966695239 0.17264833957859627 
0.9403610058319631 4.859919068822133E-4 
0.47695910991896245 1.7273896888821814 
0.4592249104701058 1.8696020039920667 
0.4367455105229976 2.077978448564396 
0.5863213967339945 0.7233022206229257 
0.48293046434654646 1.6577806515479157 
0.6023247732188247 0.5809776252919471 
0.4544288987396053 1.9114164806751055 
0.6165607303437077 0.524564123035361 
0.5483148221296403 1.0663544741758737 
0.5294696638152918 1.2403043348425014 
0.44644008237191996 1.986491576387977 
0.8429516515991378 5.715737682894772E-6 
0.49979502933510833 1.505782179650555 
0.7677544936953763 1.3678118883071847E-6 
0.3953835376761447 2.445046787888902 
0.8307231125955574 3.983019714859349E-8 
0.5362771349834908 1.1966180888110345 
0.5577139158688107 1.0327049691089214 
0.5739022388711483 0.9010875317945846 
0.9738987589957535 0.011409610195656728 
0.40191533964019255 2.4907535521634414 
0.7318680823991527 1.2734068707426904E-7 
0.9006222236662151 0.0 
0.7178862379248344 1.2734068707426904E-7 
0.5270753551307874 1.312143633573403 
0.42372557800379285 2.1887265261150333 
0.6296404566541429 0.3727935857982625 
0.5419601621479315 1.133381733729855 
0.5630523031546173 0.9343164134302357 
0.6071213354921319 0.5370333197641323 
0.7876694539215809 1.7331856842854034E-7 
0.5751335723687574 0.8248764359260248 
0.985126297697077 0.0 
0.8711541442348983 6.883516571620621E-7 
0.3912108614955306 2.4907535521634414 
0.9596218794959278 0.0 
0.6296404566541429 0.3727935857982625 
0.49392587503182894 1.570591382027797 
0.6890616197902317 0.0029421557690310074 
0.5058860776821275 1.4668786070587725 
0.7070025986596941 3.0195826787674787E-7 
0.4076025162133506 2.3643857007164004 
0.5204437117122089 1.319587618495297 
0.6992082008837159 0.001359388379465254 
0.8891049205400626 2.1540155380488668E-5 
0.4112884754889566 2.3056775145561303 
0.42302392392672367 2.2614202514547257 
0.43293398759306 2.1153866086946165 
0.6774410143458314 0.013350109428887036 
0.4964105272367029 1.571191448028315 
0.5662816251780773 0.935396614104235 
0.6596111022761746 0.09560718813619498 
0.4267027592058322 2.1647614532834845 
0.8813939316344567 6.676832932360781E-7 
0.5557226162056683 1.0589459321608512 
0.44262608740271225 2.0357705643624024 
0.4076025162133506 2.3643857007164004 
0.4189476966401165 2.2402970264177915 
0.4155969964364927 2.266824695559042 
0.44262608740271225 2.0357705643624024 
0.64299682531686 0.24529024814760697 
0.6661015424448837 0.03507096674116483 
0.8174261162525936 7.899355384688281E-7 
0.5171598076819871 1.3813406918260211 
0.5409156083518536 1.1696601929313417 
0.43293398759306 2.1153866086946165 
0.6165607303437077 0.524564123035361 
0.4112884754889566 2.3056775145561303 
0.8017154620643687 0.0 
0.6332537691030565 0.3065766416489949 
0.4917939290003966 1.6577806515479157 
0.5043918733175641 1.4668786070587725 
0.4903006770259291 1.666276761202977 
0.814550907511281 5.715737682894772E-6 
0.9952550520575043 0.0 
0.7299679932406556 1.9300404511935507E-4 
0.6367776700503712 0.3065766416489949 
0.5807124138684021 0.7840279288814008 
0.45299520659032033 1.986491576387977 
0.6596111022761746 0.09560718813619498 
0.8582323230399886 4.600827892180286E-6 
0.6397651878683804 0.2424396460750664 
0.6638637745805274 0.03230818699737087 
0.5172331857094382 1.3467269113899816 
0.4267027592058322 2.1647614532834845 
0.8030088832833179 1.3678118883071847E-6 
0.8597018733127382 7.359897125671656E-5 
0.4529650594737732 1.986491576387977 
